{
 "cells": [
  {
   "cell_type": "code",
   "execution_count": 193,
   "metadata": {},
   "outputs": [],
   "source": [
    "import pandas as pd\n",
    "import numpy as np\n",
    "import matplotlib.pyplot as plt"
   ]
  },
  {
   "cell_type": "code",
   "execution_count": 194,
   "metadata": {},
   "outputs": [
    {
     "data": {
      "text/html": [
       "<div>\n",
       "<style scoped>\n",
       "    .dataframe tbody tr th:only-of-type {\n",
       "        vertical-align: middle;\n",
       "    }\n",
       "\n",
       "    .dataframe tbody tr th {\n",
       "        vertical-align: top;\n",
       "    }\n",
       "\n",
       "    .dataframe thead th {\n",
       "        text-align: right;\n",
       "    }\n",
       "</style>\n",
       "<table border=\"1\" class=\"dataframe\">\n",
       "  <thead>\n",
       "    <tr style=\"text-align: right;\">\n",
       "      <th></th>\n",
       "      <th>age</th>\n",
       "      <th>sex</th>\n",
       "      <th>cp</th>\n",
       "      <th>trtbps</th>\n",
       "      <th>chol</th>\n",
       "      <th>fbs</th>\n",
       "      <th>restecg</th>\n",
       "      <th>thalachh</th>\n",
       "      <th>exng</th>\n",
       "      <th>oldpeak</th>\n",
       "      <th>slp</th>\n",
       "      <th>caa</th>\n",
       "      <th>thall</th>\n",
       "      <th>output</th>\n",
       "    </tr>\n",
       "  </thead>\n",
       "  <tbody>\n",
       "    <tr>\n",
       "      <th>0</th>\n",
       "      <td>63</td>\n",
       "      <td>1</td>\n",
       "      <td>3</td>\n",
       "      <td>145</td>\n",
       "      <td>233</td>\n",
       "      <td>1</td>\n",
       "      <td>0</td>\n",
       "      <td>150</td>\n",
       "      <td>0</td>\n",
       "      <td>2.3</td>\n",
       "      <td>0</td>\n",
       "      <td>0</td>\n",
       "      <td>1</td>\n",
       "      <td>1</td>\n",
       "    </tr>\n",
       "    <tr>\n",
       "      <th>1</th>\n",
       "      <td>37</td>\n",
       "      <td>1</td>\n",
       "      <td>2</td>\n",
       "      <td>130</td>\n",
       "      <td>250</td>\n",
       "      <td>0</td>\n",
       "      <td>1</td>\n",
       "      <td>187</td>\n",
       "      <td>0</td>\n",
       "      <td>3.5</td>\n",
       "      <td>0</td>\n",
       "      <td>0</td>\n",
       "      <td>2</td>\n",
       "      <td>1</td>\n",
       "    </tr>\n",
       "    <tr>\n",
       "      <th>2</th>\n",
       "      <td>41</td>\n",
       "      <td>0</td>\n",
       "      <td>1</td>\n",
       "      <td>130</td>\n",
       "      <td>204</td>\n",
       "      <td>0</td>\n",
       "      <td>0</td>\n",
       "      <td>172</td>\n",
       "      <td>0</td>\n",
       "      <td>1.4</td>\n",
       "      <td>2</td>\n",
       "      <td>0</td>\n",
       "      <td>2</td>\n",
       "      <td>1</td>\n",
       "    </tr>\n",
       "    <tr>\n",
       "      <th>3</th>\n",
       "      <td>56</td>\n",
       "      <td>1</td>\n",
       "      <td>1</td>\n",
       "      <td>120</td>\n",
       "      <td>236</td>\n",
       "      <td>0</td>\n",
       "      <td>1</td>\n",
       "      <td>178</td>\n",
       "      <td>0</td>\n",
       "      <td>0.8</td>\n",
       "      <td>2</td>\n",
       "      <td>0</td>\n",
       "      <td>2</td>\n",
       "      <td>1</td>\n",
       "    </tr>\n",
       "    <tr>\n",
       "      <th>4</th>\n",
       "      <td>57</td>\n",
       "      <td>0</td>\n",
       "      <td>0</td>\n",
       "      <td>120</td>\n",
       "      <td>354</td>\n",
       "      <td>0</td>\n",
       "      <td>1</td>\n",
       "      <td>163</td>\n",
       "      <td>1</td>\n",
       "      <td>0.6</td>\n",
       "      <td>2</td>\n",
       "      <td>0</td>\n",
       "      <td>2</td>\n",
       "      <td>1</td>\n",
       "    </tr>\n",
       "  </tbody>\n",
       "</table>\n",
       "</div>"
      ],
      "text/plain": [
       "   age  sex  cp  trtbps  chol  fbs  restecg  thalachh  exng  oldpeak  slp  \\\n",
       "0   63    1   3     145   233    1        0       150     0      2.3    0   \n",
       "1   37    1   2     130   250    0        1       187     0      3.5    0   \n",
       "2   41    0   1     130   204    0        0       172     0      1.4    2   \n",
       "3   56    1   1     120   236    0        1       178     0      0.8    2   \n",
       "4   57    0   0     120   354    0        1       163     1      0.6    2   \n",
       "\n",
       "   caa  thall  output  \n",
       "0    0      1       1  \n",
       "1    0      2       1  \n",
       "2    0      2       1  \n",
       "3    0      2       1  \n",
       "4    0      2       1  "
      ]
     },
     "execution_count": 194,
     "metadata": {},
     "output_type": "execute_result"
    }
   ],
   "source": [
    "dataset = pd.read_csv('heart.csv')\n",
    "dataset.head()"
   ]
  },
  {
   "cell_type": "code",
   "execution_count": 195,
   "metadata": {},
   "outputs": [
    {
     "name": "stdout",
     "output_type": "stream",
     "text": [
      "<class 'pandas.core.frame.DataFrame'>\n",
      "RangeIndex: 303 entries, 0 to 302\n",
      "Data columns (total 14 columns):\n",
      " #   Column    Non-Null Count  Dtype  \n",
      "---  ------    --------------  -----  \n",
      " 0   age       303 non-null    int64  \n",
      " 1   sex       303 non-null    int64  \n",
      " 2   cp        303 non-null    int64  \n",
      " 3   trtbps    303 non-null    int64  \n",
      " 4   chol      303 non-null    int64  \n",
      " 5   fbs       303 non-null    int64  \n",
      " 6   restecg   303 non-null    int64  \n",
      " 7   thalachh  303 non-null    int64  \n",
      " 8   exng      303 non-null    int64  \n",
      " 9   oldpeak   303 non-null    float64\n",
      " 10  slp       303 non-null    int64  \n",
      " 11  caa       303 non-null    int64  \n",
      " 12  thall     303 non-null    int64  \n",
      " 13  output    303 non-null    int64  \n",
      "dtypes: float64(1), int64(13)\n",
      "memory usage: 33.3 KB\n"
     ]
    }
   ],
   "source": [
    "dataset.info()"
   ]
  },
  {
   "cell_type": "code",
   "execution_count": 196,
   "metadata": {},
   "outputs": [
    {
     "data": {
      "text/html": [
       "<div>\n",
       "<style scoped>\n",
       "    .dataframe tbody tr th:only-of-type {\n",
       "        vertical-align: middle;\n",
       "    }\n",
       "\n",
       "    .dataframe tbody tr th {\n",
       "        vertical-align: top;\n",
       "    }\n",
       "\n",
       "    .dataframe thead th {\n",
       "        text-align: right;\n",
       "    }\n",
       "</style>\n",
       "<table border=\"1\" class=\"dataframe\">\n",
       "  <thead>\n",
       "    <tr style=\"text-align: right;\">\n",
       "      <th></th>\n",
       "      <th>count</th>\n",
       "      <th>mean</th>\n",
       "      <th>std</th>\n",
       "      <th>min</th>\n",
       "      <th>25%</th>\n",
       "      <th>50%</th>\n",
       "      <th>75%</th>\n",
       "      <th>max</th>\n",
       "    </tr>\n",
       "  </thead>\n",
       "  <tbody>\n",
       "    <tr>\n",
       "      <th>age</th>\n",
       "      <td>303.0</td>\n",
       "      <td>54.366337</td>\n",
       "      <td>9.082101</td>\n",
       "      <td>29.0</td>\n",
       "      <td>47.5</td>\n",
       "      <td>55.0</td>\n",
       "      <td>61.0</td>\n",
       "      <td>77.0</td>\n",
       "    </tr>\n",
       "    <tr>\n",
       "      <th>sex</th>\n",
       "      <td>303.0</td>\n",
       "      <td>0.683168</td>\n",
       "      <td>0.466011</td>\n",
       "      <td>0.0</td>\n",
       "      <td>0.0</td>\n",
       "      <td>1.0</td>\n",
       "      <td>1.0</td>\n",
       "      <td>1.0</td>\n",
       "    </tr>\n",
       "    <tr>\n",
       "      <th>cp</th>\n",
       "      <td>303.0</td>\n",
       "      <td>0.966997</td>\n",
       "      <td>1.032052</td>\n",
       "      <td>0.0</td>\n",
       "      <td>0.0</td>\n",
       "      <td>1.0</td>\n",
       "      <td>2.0</td>\n",
       "      <td>3.0</td>\n",
       "    </tr>\n",
       "    <tr>\n",
       "      <th>trtbps</th>\n",
       "      <td>303.0</td>\n",
       "      <td>131.623762</td>\n",
       "      <td>17.538143</td>\n",
       "      <td>94.0</td>\n",
       "      <td>120.0</td>\n",
       "      <td>130.0</td>\n",
       "      <td>140.0</td>\n",
       "      <td>200.0</td>\n",
       "    </tr>\n",
       "    <tr>\n",
       "      <th>chol</th>\n",
       "      <td>303.0</td>\n",
       "      <td>246.264026</td>\n",
       "      <td>51.830751</td>\n",
       "      <td>126.0</td>\n",
       "      <td>211.0</td>\n",
       "      <td>240.0</td>\n",
       "      <td>274.5</td>\n",
       "      <td>564.0</td>\n",
       "    </tr>\n",
       "    <tr>\n",
       "      <th>fbs</th>\n",
       "      <td>303.0</td>\n",
       "      <td>0.148515</td>\n",
       "      <td>0.356198</td>\n",
       "      <td>0.0</td>\n",
       "      <td>0.0</td>\n",
       "      <td>0.0</td>\n",
       "      <td>0.0</td>\n",
       "      <td>1.0</td>\n",
       "    </tr>\n",
       "    <tr>\n",
       "      <th>restecg</th>\n",
       "      <td>303.0</td>\n",
       "      <td>0.528053</td>\n",
       "      <td>0.525860</td>\n",
       "      <td>0.0</td>\n",
       "      <td>0.0</td>\n",
       "      <td>1.0</td>\n",
       "      <td>1.0</td>\n",
       "      <td>2.0</td>\n",
       "    </tr>\n",
       "    <tr>\n",
       "      <th>thalachh</th>\n",
       "      <td>303.0</td>\n",
       "      <td>149.646865</td>\n",
       "      <td>22.905161</td>\n",
       "      <td>71.0</td>\n",
       "      <td>133.5</td>\n",
       "      <td>153.0</td>\n",
       "      <td>166.0</td>\n",
       "      <td>202.0</td>\n",
       "    </tr>\n",
       "    <tr>\n",
       "      <th>exng</th>\n",
       "      <td>303.0</td>\n",
       "      <td>0.326733</td>\n",
       "      <td>0.469794</td>\n",
       "      <td>0.0</td>\n",
       "      <td>0.0</td>\n",
       "      <td>0.0</td>\n",
       "      <td>1.0</td>\n",
       "      <td>1.0</td>\n",
       "    </tr>\n",
       "    <tr>\n",
       "      <th>oldpeak</th>\n",
       "      <td>303.0</td>\n",
       "      <td>1.039604</td>\n",
       "      <td>1.161075</td>\n",
       "      <td>0.0</td>\n",
       "      <td>0.0</td>\n",
       "      <td>0.8</td>\n",
       "      <td>1.6</td>\n",
       "      <td>6.2</td>\n",
       "    </tr>\n",
       "    <tr>\n",
       "      <th>slp</th>\n",
       "      <td>303.0</td>\n",
       "      <td>1.399340</td>\n",
       "      <td>0.616226</td>\n",
       "      <td>0.0</td>\n",
       "      <td>1.0</td>\n",
       "      <td>1.0</td>\n",
       "      <td>2.0</td>\n",
       "      <td>2.0</td>\n",
       "    </tr>\n",
       "    <tr>\n",
       "      <th>caa</th>\n",
       "      <td>303.0</td>\n",
       "      <td>0.729373</td>\n",
       "      <td>1.022606</td>\n",
       "      <td>0.0</td>\n",
       "      <td>0.0</td>\n",
       "      <td>0.0</td>\n",
       "      <td>1.0</td>\n",
       "      <td>4.0</td>\n",
       "    </tr>\n",
       "    <tr>\n",
       "      <th>thall</th>\n",
       "      <td>303.0</td>\n",
       "      <td>2.313531</td>\n",
       "      <td>0.612277</td>\n",
       "      <td>0.0</td>\n",
       "      <td>2.0</td>\n",
       "      <td>2.0</td>\n",
       "      <td>3.0</td>\n",
       "      <td>3.0</td>\n",
       "    </tr>\n",
       "    <tr>\n",
       "      <th>output</th>\n",
       "      <td>303.0</td>\n",
       "      <td>0.544554</td>\n",
       "      <td>0.498835</td>\n",
       "      <td>0.0</td>\n",
       "      <td>0.0</td>\n",
       "      <td>1.0</td>\n",
       "      <td>1.0</td>\n",
       "      <td>1.0</td>\n",
       "    </tr>\n",
       "  </tbody>\n",
       "</table>\n",
       "</div>"
      ],
      "text/plain": [
       "          count        mean        std    min    25%    50%    75%    max\n",
       "age       303.0   54.366337   9.082101   29.0   47.5   55.0   61.0   77.0\n",
       "sex       303.0    0.683168   0.466011    0.0    0.0    1.0    1.0    1.0\n",
       "cp        303.0    0.966997   1.032052    0.0    0.0    1.0    2.0    3.0\n",
       "trtbps    303.0  131.623762  17.538143   94.0  120.0  130.0  140.0  200.0\n",
       "chol      303.0  246.264026  51.830751  126.0  211.0  240.0  274.5  564.0\n",
       "fbs       303.0    0.148515   0.356198    0.0    0.0    0.0    0.0    1.0\n",
       "restecg   303.0    0.528053   0.525860    0.0    0.0    1.0    1.0    2.0\n",
       "thalachh  303.0  149.646865  22.905161   71.0  133.5  153.0  166.0  202.0\n",
       "exng      303.0    0.326733   0.469794    0.0    0.0    0.0    1.0    1.0\n",
       "oldpeak   303.0    1.039604   1.161075    0.0    0.0    0.8    1.6    6.2\n",
       "slp       303.0    1.399340   0.616226    0.0    1.0    1.0    2.0    2.0\n",
       "caa       303.0    0.729373   1.022606    0.0    0.0    0.0    1.0    4.0\n",
       "thall     303.0    2.313531   0.612277    0.0    2.0    2.0    3.0    3.0\n",
       "output    303.0    0.544554   0.498835    0.0    0.0    1.0    1.0    1.0"
      ]
     },
     "execution_count": 196,
     "metadata": {},
     "output_type": "execute_result"
    }
   ],
   "source": [
    "dataset.describe().T"
   ]
  },
  {
   "attachments": {},
   "cell_type": "markdown",
   "metadata": {},
   "source": [
    "#### Unique values of each column"
   ]
  },
  {
   "cell_type": "code",
   "execution_count": 197,
   "metadata": {},
   "outputs": [
    {
     "name": "stdout",
     "output_type": "stream",
     "text": [
      "\n",
      " Index(['age', 'sex', 'cp', 'trtbps', 'chol', 'fbs', 'restecg', 'thalachh',\n",
      "       'exng', 'oldpeak', 'slp', 'caa', 'thall', 'output'],\n",
      "      dtype='object') \n",
      "\n",
      "age :  {29, 34, 35, 37, 38, 39, 40, 41, 42, 43, 44, 45, 46, 47, 48, 49, 50, 51, 52, 53, 54, 55, 56, 57, 58, 59, 60, 61, 62, 63, 64, 65, 66, 67, 68, 69, 70, 71, 74, 76, 77} \n",
      "\n",
      "sex :  {0, 1} \n",
      "\n",
      "cp :  {0, 1, 2, 3} \n",
      "\n",
      "trtbps :  {128, 129, 130, 132, 134, 135, 136, 138, 140, 142, 144, 145, 146, 148, 150, 152, 154, 155, 156, 160, 164, 165, 170, 172, 174, 178, 180, 192, 200, 94, 100, 101, 102, 104, 105, 106, 108, 110, 112, 114, 115, 117, 118, 120, 122, 123, 124, 125, 126} \n",
      "\n",
      "chol :  {564, 126, 131, 141, 149, 157, 160, 164, 166, 167, 168, 169, 172, 174, 175, 176, 177, 178, 180, 182, 183, 184, 185, 186, 187, 188, 192, 193, 195, 196, 197, 198, 199, 200, 201, 203, 204, 205, 206, 207, 208, 209, 210, 211, 212, 213, 214, 215, 216, 217, 218, 219, 220, 221, 222, 223, 224, 225, 226, 227, 228, 229, 230, 231, 232, 233, 234, 235, 236, 237, 239, 240, 241, 242, 243, 244, 245, 246, 247, 248, 249, 250, 252, 253, 254, 255, 256, 257, 258, 259, 260, 261, 262, 263, 264, 265, 266, 267, 268, 269, 270, 271, 273, 274, 275, 276, 277, 278, 281, 282, 283, 284, 286, 288, 289, 290, 293, 294, 295, 298, 299, 300, 302, 303, 304, 305, 306, 307, 308, 309, 311, 313, 315, 318, 319, 321, 322, 325, 326, 327, 330, 335, 340, 341, 342, 353, 354, 360, 394, 407, 409, 417} \n",
      "\n",
      "fbs :  {0, 1} \n",
      "\n",
      "restecg :  {0, 1, 2} \n",
      "\n",
      "thalachh :  {71, 88, 90, 95, 96, 97, 99, 103, 105, 106, 108, 109, 111, 112, 113, 114, 115, 116, 117, 118, 120, 121, 122, 123, 124, 125, 126, 127, 128, 129, 130, 131, 132, 133, 134, 136, 137, 138, 139, 140, 141, 142, 143, 144, 145, 146, 147, 148, 149, 150, 151, 152, 153, 154, 155, 156, 157, 158, 159, 160, 161, 162, 163, 164, 165, 166, 167, 168, 169, 170, 171, 172, 173, 174, 175, 177, 178, 179, 180, 181, 182, 184, 185, 186, 187, 188, 190, 192, 194, 195, 202} \n",
      "\n",
      "exng :  {0, 1} \n",
      "\n",
      "oldpeak :  {0.8, 1.4, 2.3, 3.5, 0.6, 0.4, 1.3, 0.0, 0.5, 1.6, 1.2, 1.0, 1.5, 4.2, 2.0, 2.5, 3.0, 4.0, 4.4, 5.6, 1.1, 2.6, 2.1, 3.6, 0.7, 3.1, 0.2, 0.1, 2.2, 2.8, 0.3, 3.2, 3.8, 1.8, 6.2, 1.9, 0.9, 2.4, 2.9, 3.4} \n",
      "\n",
      "slp :  {0, 1, 2} \n",
      "\n",
      "caa :  {0, 1, 2, 3, 4} \n",
      "\n",
      "thall :  {0, 1, 2, 3} \n",
      "\n",
      "output :  {0, 1} \n",
      "\n"
     ]
    }
   ],
   "source": [
    "lt = dataset.keys()\n",
    "print(\"\\n\",lt,\"\\n\")\n",
    "for i in lt:\n",
    "    print(i,\": \",set(dataset[i]),\"\\n\")"
   ]
  },
  {
   "attachments": {},
   "cell_type": "markdown",
   "metadata": {},
   "source": [
    "#### Looking for duplicate rows"
   ]
  },
  {
   "cell_type": "code",
   "execution_count": 198,
   "metadata": {},
   "outputs": [
    {
     "data": {
      "text/html": [
       "<div>\n",
       "<style scoped>\n",
       "    .dataframe tbody tr th:only-of-type {\n",
       "        vertical-align: middle;\n",
       "    }\n",
       "\n",
       "    .dataframe tbody tr th {\n",
       "        vertical-align: top;\n",
       "    }\n",
       "\n",
       "    .dataframe thead th {\n",
       "        text-align: right;\n",
       "    }\n",
       "</style>\n",
       "<table border=\"1\" class=\"dataframe\">\n",
       "  <thead>\n",
       "    <tr style=\"text-align: right;\">\n",
       "      <th></th>\n",
       "      <th>age</th>\n",
       "      <th>sex</th>\n",
       "      <th>cp</th>\n",
       "      <th>trtbps</th>\n",
       "      <th>chol</th>\n",
       "      <th>fbs</th>\n",
       "      <th>restecg</th>\n",
       "      <th>thalachh</th>\n",
       "      <th>exng</th>\n",
       "      <th>oldpeak</th>\n",
       "      <th>slp</th>\n",
       "      <th>caa</th>\n",
       "      <th>thall</th>\n",
       "      <th>output</th>\n",
       "    </tr>\n",
       "  </thead>\n",
       "  <tbody>\n",
       "    <tr>\n",
       "      <th>164</th>\n",
       "      <td>38</td>\n",
       "      <td>1</td>\n",
       "      <td>2</td>\n",
       "      <td>138</td>\n",
       "      <td>175</td>\n",
       "      <td>0</td>\n",
       "      <td>1</td>\n",
       "      <td>173</td>\n",
       "      <td>0</td>\n",
       "      <td>0.0</td>\n",
       "      <td>2</td>\n",
       "      <td>4</td>\n",
       "      <td>2</td>\n",
       "      <td>1</td>\n",
       "    </tr>\n",
       "  </tbody>\n",
       "</table>\n",
       "</div>"
      ],
      "text/plain": [
       "     age  sex  cp  trtbps  chol  fbs  restecg  thalachh  exng  oldpeak  slp  \\\n",
       "164   38    1   2     138   175    0        1       173     0      0.0    2   \n",
       "\n",
       "     caa  thall  output  \n",
       "164    4      2       1  "
      ]
     },
     "execution_count": 198,
     "metadata": {},
     "output_type": "execute_result"
    }
   ],
   "source": [
    "dataset[dataset.duplicated()]"
   ]
  },
  {
   "cell_type": "code",
   "execution_count": 199,
   "metadata": {},
   "outputs": [
    {
     "data": {
      "text/plain": [
       "(303, 14)"
      ]
     },
     "execution_count": 199,
     "metadata": {},
     "output_type": "execute_result"
    }
   ],
   "source": [
    "dataset.shape"
   ]
  },
  {
   "attachments": {},
   "cell_type": "markdown",
   "metadata": {},
   "source": [
    "#### Removing duplicate rows"
   ]
  },
  {
   "cell_type": "code",
   "execution_count": 200,
   "metadata": {},
   "outputs": [],
   "source": [
    "dataset.drop_duplicates(keep=\"first\",inplace=True)"
   ]
  },
  {
   "cell_type": "markdown",
   "metadata": {},
   "source": [
    "#### Checking shape after droppping duplicate rows"
   ]
  },
  {
   "cell_type": "code",
   "execution_count": 201,
   "metadata": {},
   "outputs": [
    {
     "data": {
      "text/plain": [
       "(302, 14)"
      ]
     },
     "execution_count": 201,
     "metadata": {},
     "output_type": "execute_result"
    }
   ],
   "source": [
    "dataset.shape"
   ]
  },
  {
   "cell_type": "code",
   "execution_count": 202,
   "metadata": {},
   "outputs": [
    {
     "data": {
      "text/html": [
       "<div>\n",
       "<style scoped>\n",
       "    .dataframe tbody tr th:only-of-type {\n",
       "        vertical-align: middle;\n",
       "    }\n",
       "\n",
       "    .dataframe tbody tr th {\n",
       "        vertical-align: top;\n",
       "    }\n",
       "\n",
       "    .dataframe thead th {\n",
       "        text-align: right;\n",
       "    }\n",
       "</style>\n",
       "<table border=\"1\" class=\"dataframe\">\n",
       "  <thead>\n",
       "    <tr style=\"text-align: right;\">\n",
       "      <th></th>\n",
       "      <th>age</th>\n",
       "      <th>sex</th>\n",
       "      <th>cp</th>\n",
       "      <th>trtbps</th>\n",
       "      <th>chol</th>\n",
       "      <th>fbs</th>\n",
       "      <th>restecg</th>\n",
       "      <th>thalachh</th>\n",
       "      <th>exng</th>\n",
       "      <th>oldpeak</th>\n",
       "      <th>slp</th>\n",
       "      <th>caa</th>\n",
       "      <th>thall</th>\n",
       "      <th>output</th>\n",
       "    </tr>\n",
       "  </thead>\n",
       "  <tbody>\n",
       "    <tr>\n",
       "      <th>age</th>\n",
       "      <td>1.000000</td>\n",
       "      <td>-0.094962</td>\n",
       "      <td>-0.063107</td>\n",
       "      <td>0.283121</td>\n",
       "      <td>0.207216</td>\n",
       "      <td>0.119492</td>\n",
       "      <td>-0.111590</td>\n",
       "      <td>-0.395235</td>\n",
       "      <td>0.093216</td>\n",
       "      <td>0.206040</td>\n",
       "      <td>-0.164124</td>\n",
       "      <td>0.302261</td>\n",
       "      <td>0.065317</td>\n",
       "      <td>-0.221476</td>\n",
       "    </tr>\n",
       "    <tr>\n",
       "      <th>sex</th>\n",
       "      <td>-0.094962</td>\n",
       "      <td>1.000000</td>\n",
       "      <td>-0.051740</td>\n",
       "      <td>-0.057647</td>\n",
       "      <td>-0.195571</td>\n",
       "      <td>0.046022</td>\n",
       "      <td>-0.060351</td>\n",
       "      <td>-0.046439</td>\n",
       "      <td>0.143460</td>\n",
       "      <td>0.098322</td>\n",
       "      <td>-0.032990</td>\n",
       "      <td>0.113060</td>\n",
       "      <td>0.211452</td>\n",
       "      <td>-0.283609</td>\n",
       "    </tr>\n",
       "    <tr>\n",
       "      <th>cp</th>\n",
       "      <td>-0.063107</td>\n",
       "      <td>-0.051740</td>\n",
       "      <td>1.000000</td>\n",
       "      <td>0.046486</td>\n",
       "      <td>-0.072682</td>\n",
       "      <td>0.096018</td>\n",
       "      <td>0.041561</td>\n",
       "      <td>0.293367</td>\n",
       "      <td>-0.392937</td>\n",
       "      <td>-0.146692</td>\n",
       "      <td>0.116854</td>\n",
       "      <td>-0.195356</td>\n",
       "      <td>-0.160370</td>\n",
       "      <td>0.432080</td>\n",
       "    </tr>\n",
       "    <tr>\n",
       "      <th>trtbps</th>\n",
       "      <td>0.283121</td>\n",
       "      <td>-0.057647</td>\n",
       "      <td>0.046486</td>\n",
       "      <td>1.000000</td>\n",
       "      <td>0.125256</td>\n",
       "      <td>0.178125</td>\n",
       "      <td>-0.115367</td>\n",
       "      <td>-0.048023</td>\n",
       "      <td>0.068526</td>\n",
       "      <td>0.194600</td>\n",
       "      <td>-0.122873</td>\n",
       "      <td>0.099248</td>\n",
       "      <td>0.062870</td>\n",
       "      <td>-0.146269</td>\n",
       "    </tr>\n",
       "    <tr>\n",
       "      <th>chol</th>\n",
       "      <td>0.207216</td>\n",
       "      <td>-0.195571</td>\n",
       "      <td>-0.072682</td>\n",
       "      <td>0.125256</td>\n",
       "      <td>1.000000</td>\n",
       "      <td>0.011428</td>\n",
       "      <td>-0.147602</td>\n",
       "      <td>-0.005308</td>\n",
       "      <td>0.064099</td>\n",
       "      <td>0.050086</td>\n",
       "      <td>0.000417</td>\n",
       "      <td>0.086878</td>\n",
       "      <td>0.096810</td>\n",
       "      <td>-0.081437</td>\n",
       "    </tr>\n",
       "    <tr>\n",
       "      <th>fbs</th>\n",
       "      <td>0.119492</td>\n",
       "      <td>0.046022</td>\n",
       "      <td>0.096018</td>\n",
       "      <td>0.178125</td>\n",
       "      <td>0.011428</td>\n",
       "      <td>1.000000</td>\n",
       "      <td>-0.083081</td>\n",
       "      <td>-0.007169</td>\n",
       "      <td>0.024729</td>\n",
       "      <td>0.004514</td>\n",
       "      <td>-0.058654</td>\n",
       "      <td>0.144935</td>\n",
       "      <td>-0.032752</td>\n",
       "      <td>-0.026826</td>\n",
       "    </tr>\n",
       "    <tr>\n",
       "      <th>restecg</th>\n",
       "      <td>-0.111590</td>\n",
       "      <td>-0.060351</td>\n",
       "      <td>0.041561</td>\n",
       "      <td>-0.115367</td>\n",
       "      <td>-0.147602</td>\n",
       "      <td>-0.083081</td>\n",
       "      <td>1.000000</td>\n",
       "      <td>0.041210</td>\n",
       "      <td>-0.068807</td>\n",
       "      <td>-0.056251</td>\n",
       "      <td>0.090402</td>\n",
       "      <td>-0.083112</td>\n",
       "      <td>-0.010473</td>\n",
       "      <td>0.134874</td>\n",
       "    </tr>\n",
       "    <tr>\n",
       "      <th>thalachh</th>\n",
       "      <td>-0.395235</td>\n",
       "      <td>-0.046439</td>\n",
       "      <td>0.293367</td>\n",
       "      <td>-0.048023</td>\n",
       "      <td>-0.005308</td>\n",
       "      <td>-0.007169</td>\n",
       "      <td>0.041210</td>\n",
       "      <td>1.000000</td>\n",
       "      <td>-0.377411</td>\n",
       "      <td>-0.342201</td>\n",
       "      <td>0.384754</td>\n",
       "      <td>-0.228311</td>\n",
       "      <td>-0.094910</td>\n",
       "      <td>0.419955</td>\n",
       "    </tr>\n",
       "    <tr>\n",
       "      <th>exng</th>\n",
       "      <td>0.093216</td>\n",
       "      <td>0.143460</td>\n",
       "      <td>-0.392937</td>\n",
       "      <td>0.068526</td>\n",
       "      <td>0.064099</td>\n",
       "      <td>0.024729</td>\n",
       "      <td>-0.068807</td>\n",
       "      <td>-0.377411</td>\n",
       "      <td>1.000000</td>\n",
       "      <td>0.286766</td>\n",
       "      <td>-0.256106</td>\n",
       "      <td>0.125377</td>\n",
       "      <td>0.205826</td>\n",
       "      <td>-0.435601</td>\n",
       "    </tr>\n",
       "    <tr>\n",
       "      <th>oldpeak</th>\n",
       "      <td>0.206040</td>\n",
       "      <td>0.098322</td>\n",
       "      <td>-0.146692</td>\n",
       "      <td>0.194600</td>\n",
       "      <td>0.050086</td>\n",
       "      <td>0.004514</td>\n",
       "      <td>-0.056251</td>\n",
       "      <td>-0.342201</td>\n",
       "      <td>0.286766</td>\n",
       "      <td>1.000000</td>\n",
       "      <td>-0.576314</td>\n",
       "      <td>0.236560</td>\n",
       "      <td>0.209090</td>\n",
       "      <td>-0.429146</td>\n",
       "    </tr>\n",
       "    <tr>\n",
       "      <th>slp</th>\n",
       "      <td>-0.164124</td>\n",
       "      <td>-0.032990</td>\n",
       "      <td>0.116854</td>\n",
       "      <td>-0.122873</td>\n",
       "      <td>0.000417</td>\n",
       "      <td>-0.058654</td>\n",
       "      <td>0.090402</td>\n",
       "      <td>0.384754</td>\n",
       "      <td>-0.256106</td>\n",
       "      <td>-0.576314</td>\n",
       "      <td>1.000000</td>\n",
       "      <td>-0.092236</td>\n",
       "      <td>-0.103314</td>\n",
       "      <td>0.343940</td>\n",
       "    </tr>\n",
       "    <tr>\n",
       "      <th>caa</th>\n",
       "      <td>0.302261</td>\n",
       "      <td>0.113060</td>\n",
       "      <td>-0.195356</td>\n",
       "      <td>0.099248</td>\n",
       "      <td>0.086878</td>\n",
       "      <td>0.144935</td>\n",
       "      <td>-0.083112</td>\n",
       "      <td>-0.228311</td>\n",
       "      <td>0.125377</td>\n",
       "      <td>0.236560</td>\n",
       "      <td>-0.092236</td>\n",
       "      <td>1.000000</td>\n",
       "      <td>0.160085</td>\n",
       "      <td>-0.408992</td>\n",
       "    </tr>\n",
       "    <tr>\n",
       "      <th>thall</th>\n",
       "      <td>0.065317</td>\n",
       "      <td>0.211452</td>\n",
       "      <td>-0.160370</td>\n",
       "      <td>0.062870</td>\n",
       "      <td>0.096810</td>\n",
       "      <td>-0.032752</td>\n",
       "      <td>-0.010473</td>\n",
       "      <td>-0.094910</td>\n",
       "      <td>0.205826</td>\n",
       "      <td>0.209090</td>\n",
       "      <td>-0.103314</td>\n",
       "      <td>0.160085</td>\n",
       "      <td>1.000000</td>\n",
       "      <td>-0.343101</td>\n",
       "    </tr>\n",
       "    <tr>\n",
       "      <th>output</th>\n",
       "      <td>-0.221476</td>\n",
       "      <td>-0.283609</td>\n",
       "      <td>0.432080</td>\n",
       "      <td>-0.146269</td>\n",
       "      <td>-0.081437</td>\n",
       "      <td>-0.026826</td>\n",
       "      <td>0.134874</td>\n",
       "      <td>0.419955</td>\n",
       "      <td>-0.435601</td>\n",
       "      <td>-0.429146</td>\n",
       "      <td>0.343940</td>\n",
       "      <td>-0.408992</td>\n",
       "      <td>-0.343101</td>\n",
       "      <td>1.000000</td>\n",
       "    </tr>\n",
       "  </tbody>\n",
       "</table>\n",
       "</div>"
      ],
      "text/plain": [
       "               age       sex        cp    trtbps      chol       fbs  \\\n",
       "age       1.000000 -0.094962 -0.063107  0.283121  0.207216  0.119492   \n",
       "sex      -0.094962  1.000000 -0.051740 -0.057647 -0.195571  0.046022   \n",
       "cp       -0.063107 -0.051740  1.000000  0.046486 -0.072682  0.096018   \n",
       "trtbps    0.283121 -0.057647  0.046486  1.000000  0.125256  0.178125   \n",
       "chol      0.207216 -0.195571 -0.072682  0.125256  1.000000  0.011428   \n",
       "fbs       0.119492  0.046022  0.096018  0.178125  0.011428  1.000000   \n",
       "restecg  -0.111590 -0.060351  0.041561 -0.115367 -0.147602 -0.083081   \n",
       "thalachh -0.395235 -0.046439  0.293367 -0.048023 -0.005308 -0.007169   \n",
       "exng      0.093216  0.143460 -0.392937  0.068526  0.064099  0.024729   \n",
       "oldpeak   0.206040  0.098322 -0.146692  0.194600  0.050086  0.004514   \n",
       "slp      -0.164124 -0.032990  0.116854 -0.122873  0.000417 -0.058654   \n",
       "caa       0.302261  0.113060 -0.195356  0.099248  0.086878  0.144935   \n",
       "thall     0.065317  0.211452 -0.160370  0.062870  0.096810 -0.032752   \n",
       "output   -0.221476 -0.283609  0.432080 -0.146269 -0.081437 -0.026826   \n",
       "\n",
       "           restecg  thalachh      exng   oldpeak       slp       caa  \\\n",
       "age      -0.111590 -0.395235  0.093216  0.206040 -0.164124  0.302261   \n",
       "sex      -0.060351 -0.046439  0.143460  0.098322 -0.032990  0.113060   \n",
       "cp        0.041561  0.293367 -0.392937 -0.146692  0.116854 -0.195356   \n",
       "trtbps   -0.115367 -0.048023  0.068526  0.194600 -0.122873  0.099248   \n",
       "chol     -0.147602 -0.005308  0.064099  0.050086  0.000417  0.086878   \n",
       "fbs      -0.083081 -0.007169  0.024729  0.004514 -0.058654  0.144935   \n",
       "restecg   1.000000  0.041210 -0.068807 -0.056251  0.090402 -0.083112   \n",
       "thalachh  0.041210  1.000000 -0.377411 -0.342201  0.384754 -0.228311   \n",
       "exng     -0.068807 -0.377411  1.000000  0.286766 -0.256106  0.125377   \n",
       "oldpeak  -0.056251 -0.342201  0.286766  1.000000 -0.576314  0.236560   \n",
       "slp       0.090402  0.384754 -0.256106 -0.576314  1.000000 -0.092236   \n",
       "caa      -0.083112 -0.228311  0.125377  0.236560 -0.092236  1.000000   \n",
       "thall    -0.010473 -0.094910  0.205826  0.209090 -0.103314  0.160085   \n",
       "output    0.134874  0.419955 -0.435601 -0.429146  0.343940 -0.408992   \n",
       "\n",
       "             thall    output  \n",
       "age       0.065317 -0.221476  \n",
       "sex       0.211452 -0.283609  \n",
       "cp       -0.160370  0.432080  \n",
       "trtbps    0.062870 -0.146269  \n",
       "chol      0.096810 -0.081437  \n",
       "fbs      -0.032752 -0.026826  \n",
       "restecg  -0.010473  0.134874  \n",
       "thalachh -0.094910  0.419955  \n",
       "exng      0.205826 -0.435601  \n",
       "oldpeak   0.209090 -0.429146  \n",
       "slp      -0.103314  0.343940  \n",
       "caa       0.160085 -0.408992  \n",
       "thall     1.000000 -0.343101  \n",
       "output   -0.343101  1.000000  "
      ]
     },
     "execution_count": 202,
     "metadata": {},
     "output_type": "execute_result"
    }
   ],
   "source": [
    "dataset.corr()"
   ]
  },
  {
   "cell_type": "code",
   "execution_count": 203,
   "metadata": {},
   "outputs": [
    {
     "data": {
      "application/vnd.plotly.v1+json": {
       "config": {
        "plotlyServerURL": "https://plot.ly"
       },
       "data": [
        {
         "coloraxis": "coloraxis",
         "hovertemplate": "x: %{x}<br>y: %{y}<br>color: %{z}<extra></extra>",
         "name": "0",
         "type": "heatmap",
         "x": [
          "age",
          "sex",
          "cp",
          "trtbps",
          "chol",
          "fbs",
          "restecg",
          "thalachh",
          "exng",
          "oldpeak",
          "slp",
          "caa",
          "thall",
          "output"
         ],
         "xaxis": "x",
         "y": [
          "age",
          "sex",
          "cp",
          "trtbps",
          "chol",
          "fbs",
          "restecg",
          "thalachh",
          "exng",
          "oldpeak",
          "slp",
          "caa",
          "thall",
          "output"
         ],
         "yaxis": "y",
         "z": [
          [
           1.000000000000001,
           -0.09496248821055989,
           -0.06310658565720607,
           0.283120678980804,
           0.2072155056561175,
           0.11949212756870439,
           -0.11159006011822396,
           -0.3952351875534803,
           0.0932158462421205,
           0.20603963750076096,
           -0.1641242336680679,
           0.30226120969724146,
           0.06531728846138674,
           -0.22147582776656213
          ],
          [
           -0.09496248821055989,
           0.9999999999999989,
           -0.051739522207943714,
           -0.05764694007290156,
           -0.19557144490547881,
           0.04602218081281667,
           -0.06035050906407737,
           -0.04643866271230005,
           0.1434601201307078,
           0.09832173325423313,
           -0.03298963307429075,
           0.11306039137632615,
           0.2114522008037245,
           -0.2836093577958613
          ],
          [
           -0.06310658565720607,
           -0.051739522207943714,
           1.0000000000000024,
           0.046486424057410915,
           -0.07268160815675587,
           0.09601810378887712,
           0.041560999468795656,
           0.2933665820060736,
           -0.3929373743580739,
           -0.1466922470721254,
           0.11685419420886585,
           -0.1953563446710518,
           -0.16036963435927634,
           0.43207959156640974
          ],
          [
           0.283120678980804,
           -0.05764694007290156,
           0.046486424057410915,
           0.9999999999999999,
           0.1252562855553672,
           0.1781246924622793,
           -0.11536655568205455,
           -0.04802271203158555,
           0.06852626475958762,
           0.19459995031288085,
           -0.12287292844741422,
           0.09924834090336429,
           0.0628695822711678,
           -0.1462686638415546
          ],
          [
           0.2072155056561175,
           -0.19557144490547881,
           -0.07268160815675587,
           0.1252562855553672,
           0.9999999999999996,
           0.011428296514525583,
           -0.14760177169976568,
           -0.0053084957947549544,
           0.06409889953538114,
           0.050086024023738816,
           0.0004166582932459677,
           0.08687793662520915,
           0.09681044601826987,
           -0.0814372005184414
          ],
          [
           0.11949212756870439,
           0.04602218081281667,
           0.09601810378887712,
           0.1781246924622793,
           0.011428296514525583,
           1.0000000000000002,
           -0.08308108054367734,
           -0.007169289834638281,
           0.02472879278445965,
           0.004514274973532792,
           -0.058653541394914535,
           0.14493474913217855,
           -0.03275238137304711,
           -0.026825970565970202
          ],
          [
           -0.11159006011822396,
           -0.06035050906407737,
           0.041560999468795656,
           -0.11536655568205455,
           -0.14760177169976568,
           -0.08308108054367734,
           1,
           0.04120980826286011,
           -0.06880655307680518,
           -0.05625071359525559,
           0.09040215246954637,
           -0.08311244328643017,
           -0.010473170948872984,
           0.13487444702864615
          ],
          [
           -0.3952351875534803,
           -0.04643866271230005,
           0.2933665820060736,
           -0.04802271203158555,
           -0.0053084957947549544,
           -0.007169289834638281,
           0.04120980826286011,
           1.0000000000000002,
           -0.3774114488412388,
           -0.3422007459247009,
           0.3847543805976777,
           -0.22831108288545515,
           -0.09490993600291657,
           0.4199550436638703
          ],
          [
           0.0932158462421205,
           0.1434601201307078,
           -0.3929373743580739,
           0.06852626475958762,
           0.06409889953538114,
           0.02472879278445965,
           -0.06880655307680518,
           -0.3774114488412388,
           0.9999999999999956,
           0.2867663364924337,
           -0.25610624383004077,
           0.12537710176350614,
           0.20582565983635084,
           -0.4356007617136186
          ],
          [
           0.20603963750076096,
           0.09832173325423313,
           -0.1466922470721254,
           0.19459995031288085,
           0.050086024023738816,
           0.004514274973532792,
           -0.05625071359525559,
           -0.3422007459247009,
           0.2867663364924337,
           1.0000000000000002,
           -0.5763143815309945,
           0.23656044177478658,
           0.20909049090040552,
           -0.4291458328867378
          ],
          [
           -0.1641242336680679,
           -0.03298963307429075,
           0.11685419420886585,
           -0.12287292844741422,
           0.0004166582932459677,
           -0.058653541394914535,
           0.09040215246954637,
           0.3847543805976777,
           -0.25610624383004077,
           -0.5763143815309945,
           0.9999999999999989,
           -0.09223636675937139,
           -0.10331366531177788,
           0.3439395324893876
          ],
          [
           0.30226120969724146,
           0.11306039137632615,
           -0.1953563446710518,
           0.09924834090336429,
           0.08687793662520915,
           0.14493474913217855,
           -0.08311244328643017,
           -0.22831108288545515,
           0.12537710176350614,
           0.23656044177478658,
           -0.09223636675937139,
           0.9999999999999994,
           0.16008542832643682,
           -0.40899197975692636
          ],
          [
           0.06531728846138674,
           0.2114522008037245,
           -0.16036963435927634,
           0.0628695822711678,
           0.09681044601826987,
           -0.03275238137304711,
           -0.010473170948872984,
           -0.09490993600291657,
           0.20582565983635084,
           0.20909049090040552,
           -0.10331366531177788,
           0.16008542832643682,
           0.9999999999999991,
